0 4
1 0
2 0
3 1
4 0
5 0
6 2
7 1
8 2
9 1
10 0
11 1
12 6
0 4
1 0
2 0
3 1
4 0
5 0
6 2
7 1
8 2
9 1
10 0
11 1
12 6
0 4
1 0
2 0
3 1
4 0
5 0
6 2
7 1
8 2
9 1
10 0
11 1
12 6
0 4
1 0
2 0
3 1
4 0
5 0
6 2
7 1
8 2
9 1
10 0
11 1
12 6
0 4
1 0
2 0
3 1
4 0
5 0
6 2
7 1
8 2
9 1
10 0
11 1
12 6
0 4
1 0
2 0
3 1
4 0
5 0
6 2
7 1
8 2
9 1
10 0
11 1
12 6
0 4
1 0
2 0
3 1
4 0
5 0
6 2
7 1
8 2
9 1
10 0
11 1
12 6
0 4
1 0
2 0
3 1
4 0
5 0
6 2
7 1
8 2
9 1
10 0
11 1
12 6
0 4
1 0
2 0
3 1
4 0
5 0
6 2
7 1
8 2
9 1
10 0
11 1
12 6
0 4
1 0
2 0
3 1
4 0
5 0
6 2
7 1
8 2
9 1
10 0
11 1
12 6
0 4
1 0
2 0
3 1
4 0
5 0
6 2
7 1
8 2
9 1
10 0
11 1
12 6
0 4
1 0
2 0
3 1
4 0
5 0
6 2
7 1
8 2
9 1
10 0
11 1
12 6
